914
93 79
376 332
586 841
163 46
325 603
280 273
100 395
121 55
31 26
341 121
311 446
15 550
166 238
472 534
110 864
123 96
290 265
903 799
729 111
880 734
156 262
479 836
438 195
202 322
44 321
367 528
585 123
528 785
549 5
186 121
103 375
865 554
2 5
78 570
141 64
125 33
291 404
174 42
93 140
33 167
31 339
433 552
468 137
798 427
272 119
700 411
549 858
246 95
357 341
234 702
387 746
363 136
830 124
160 872
178 202
286 342
708 225
98 89
660 292
308 30
751 706
110 142
464 621
20 71
193 252
705 818
350 91
892 599
471 335
166 358
681 680
385 873
263 157
87 30
39 18
336 131
483 10
433 313
575 572
509 386
333 156
165 130
419 125
829 164
542 831
87 670
26 228
110 146
685 517
703 75
81 52
3 16
618 563
95 117
391 114
498 277
541 147
15 6
431 544
112 194
374 742
714 762
268 710
731 354
333 656
560 537
539 143
71 214
395 635
693 79
75 182
30 67
578 238
696 264
211 893
555 776
689 390
481 225
255 445
386 341
748 279
713 587
32 803
50 420
56 158
207 634
270 525
400 109
484 295
735 444
885 498
50 314
478 219
450 658
2 14
701 592
71 173
52 83
183 78
2 3
103 244
662 649
319 227
764 206
567 465
332 443
13 25
875 477
52 175
143 677
296 714
10 728
50 25
447 755
168 311
147 215
387 493
187 102
64 221
9 1
178 324
76 466
669 675
300 191
305 30
140 531
187 236
81 329
299 383
84 416
190 699
870 820
424 496
584 124
233 630
315 207
20 53
59 780
371 153
53 804
232 128
33 6
194 201
686 125
118 134
70 12
446 619
152 219
587 718
19 66
180 155
599 827
74 61
502 422
165 359
270 60
606 560
92 154
663 259
168 92
722 548
458 461
164 529
801 838
227 19
567 673
126 823
252 558
891 496
284 241
852 422
135 821
545 474
48 1
523 743
292 910
122 81
118 705
180 251
816 3
616 261
766 397
558 802
379 704
557 457
28 2
106 10
457 137
379 186
89 62
153 302
907 615
13 720
87 254
3 7
368 169
501 506
104 37
824 388
641 647
174 626
444 24
144 594
599 261
113 268
126 518
429 37
64 679
150 898
877 750
562 709
609 768
793 811
200 122
301 248
11 153
42 10
534 747
132 1
228 230
86 44
563 715
266 206
119 61
393 559
382 524
210 56
62 170
134 608
237 11
77 392
636 369
609 386
420 592
202 287
116 2
16 162
294 297
136 794
208 115
154 580
590 140
221 863
758 342
607 25
79 283
34 169
49 527
3 218
538 287
176 269
611 443
817 721
61 388
415 750
890 163
104 130
104 144
185 427
571 393
229 530
349 412
454 157
197 5
879 179
271 296
224 332
75 739
8 6
121 234
78 138
61 156
589 576
417 28
242 790
595 289
176 172
103 17
183 225
460 596
254 572
58 492
241 152
644 157
18 159
692 114
107 61
98 108
143 100
148 436
69 64
195 143
125 437
674 161
8 102
71 536
109 345
43 535
222 170
210 782
577 405
254 822
120 380
784 211
15 413
840 497
11 18
523 165
312 460
212 450
687 266
323 587
532 178
470 684
127 164
537 637
145 117
617 469
221 271
623 348
312 682
286 64
564 505
519 839
54 65
343 834
97 51
41 56
573 329
242 85
851 811
479 20
178 94
56 206
21 60
122 212
897 538
396 383
137 521
265 459
281 384
22 770
350 440
174 853
240 264
397 284
849 459
120 835
506 825
313 669
347 389
131 293
670 781
21 82
238 806
774 609
316 107
311 650
146 277
100 179
88 909
551 143
441 66
25 152
1 44
643 99
401 115
46 84
422 186
10 5
34 2
160 405
542 433
913 288
4 6
157 89
641 377
566 184
65 683
191 344
488 661
694 519
668 733
61 295
86 229
791 770
147 190
150 193
5 21
77 28
845 104
177 35
325 36
308 565
912 634
104 475
20 26
197 516
249 229
723 358
363 738
357 377
846 53
5 199
45 832
258 298
12 9
666 365
454 495
351 191
198 448
115 787
871 18
155 20
49 856
668 640
213 103
876 858
569 298
273 554
740 189
712 316
478 489
778 578
434 27
24 261
379 690
174 393
331 197
771 235
901 877
1 24
428 797
695 106
13 5
347 147
679 732
145 216
615 570
346 318
6 11
426 399
381 284
111 307
471 796
857 414
528 555
763 319
49 26
39 43
807 692
501 276
654 46
547 276
96 356
345 408
298 425
94 881
726 888
18 20
168 406
355 146
559 717
688 569
525 638
402 769
862 693
203 72
118 80
41 217
510 114
51 32
293 883
623 844
113 64
99 184
633 491
139 29
45 462
814 243
645 79
908 617
258 82
436 476
227 741
259 410
372 583
110 480
427 711
290 367
519 383
136 44
817 859
749 556
29 114
261 292
45 451
333 815
95 74
243 11
15 223
775 627
149 724
134 672
166 129
235 260
250 84
525 843
80 760
568 49
324 508
232 428
45 57
366 166
230 610
1 68
79 226
772 106
334 60
205 889
387 322
61 15
734 403
911 155
131 42
665 180
125 149
312 171
364 152
240 78
76 55
306 163
267 11
63 137
763 894
231 553
107 196
138 289
418 121
231 142
111 26
561 448
627 592
97 343
773 850
882 167
204 197
340 7
2 706
88 47
439 267
7 191
108 192
94 89
138 211
886 399
45 147
745 502
399 128
304 581
26 499
291 29
310 249
21 628
333 463
19 9
430 410
243 317
247 707
11 455
697 648
452 437
435 377
83 902
680 346
298 513
520 494
414 253
11 372
65 431
279 184
89 303
600 421
195 235
667 627
871 874
801 384
170 507
30 78
709 867
7 133
22 126
3 150
230 563
739 866
249 382
147 189
37 24
182 792
160 11
82 259
273 847
198 150
374 256
112 18
620 21
854 821
646 255
657 17
13 809
36 540
698 657
233 78
309 477
491 421
343 458
335 402
37 245
506 604
476 896
33 320
260 276
464 412
75 99
207 2
415 295
730 232
88 819
412 640
490 113
362 64
503 469
369 125
220 248
652 640
202 676
223 247
54 64
6 783
562 209
266 403
256 150
442 193
43 348
274 812
247 335
229 906
161 41
47 869
100 209
546 262
500 376
826 357
93 129
726 304
323 174
409 77
752 254
352 612
371 622
309 469
32 786
565 737
810 541
467 110
608 753
274 229
465 132
629 81
671 443
601 579
639 642
561 602
447 264
27 7
398 20
42 361
175 265
648 280
118 135
247 285
617 649
574 460
427 488
613 308
793 422
52 96
330 278
21 120
651 648
299 74
49 373
201 349
90 41
273 247
716 298
485 381
255 41
326 237
868 569
370 308
1 4
35 33
556 266
296 352
17 115
789 820
257 29
593 138
13 73
41 253
842 712
52 42
423 7
543 449
393 533
473 350
353 193
795 208
15 472
148 95
582 513
2 1
79 3
47 14
432 93
157 224
185 124
727 281
35 548
293 861
105 517
365 244
36 21
788 378
482 443
664 640
734 799
725 261
598 343
551 805
304 146
808 784
22 6
878 153
3 29
709 767
54 12
124 21
470 46
176 655
188 30
597 1
744 76
471 487
79 100
424 262
423 511
719 456
548 777
848 303
75 50
522 101
691 588
756 178
895 804
383 494
405 474
759 121
89 128
379 390
38 172
914 901
614 256
38 3
327 325
39 904
394 773
171 101
58 309
456 284
158 354
59 57
757 403
70 278
481 900
220 45
1 80
313 231
532 625
520 537
378 150
861 887
576 181
512 496
678 108
13 632
58 15
23 813
310 328
103 855
117 779
337 42
56 789
282 181
92 19
83 515
239 219
279 394
12 294
470 526
5 23
579 38
95 421
56 109
624 218
321 736
765 275
110 7
48 62
45 4
653 603
40 41
72 48
30 17
496 605
172 338
213 281
63 49
444 486
288 104
497 17
1 85
101 48
586 524
690 860
28 32
205 97
899 242
312 800
407 270
240 884
153 360
591 452
24 588
514 189
828 719
